  0
SECTION
  2
BLOCKS
  0
ENDSEC
  0
SECTION
  2
ENTITIES
  0
LINE
  8
0
 10
0.690689
 20
-10.9783
 11
1.37866
 21
-10.9133
  0
LINE
  8
0
 10
1.37866
 20
-10.9133
 11
2.06119
 21
-10.8051
  0
LINE
  8
0
 10
2.06119
 20
-10.8051
 11
2.73558
 21
-10.6544
  0
LINE
  8
0
 10
2.73558
 20
-10.6544
 11
3.39919
 21
-10.4616
  0
LINE
  8
0
 10
3.39919
 20
-10.4616
 11
4.04936
 21
-10.2275
  0
LINE
  8
0
 10
4.04936
 20
-10.2275
 11
4.68356
 21
-9.95309
  0
LINE
  8
0
 10
4.68356
 20
-9.95309
 11
5.29929
 21
-9.63936
  0
LINE
  8
0
 10
5.29929
 20
-9.63936
 11
5.89409
 21
-9.2876
  0
LINE
  8
0
 10
5.89409
 20
-9.2876
 11
6.46564
 21
-8.89919
  0
LINE
  8
0
 10
6.46564
 20
-8.89919
 11
7.01166
 21
-8.47563
  0
LINE
  8
0
 10
7.01166
 20
-8.47563
 11
7.5
 21
-8.0451
  0
LINE
  8
0
 10
7.5
 20
-8.0451
 11
7.5
 21
8.0451
  0
LINE
  8
0
 10
7.5
 20
8.0451
 11
7.01166
 21
8.47563
  0
LINE
  8
0
 10
7.01166
 20
8.47563
 11
6.46564
 21
8.89919
  0
LINE
  8
0
 10
6.46564
 20
8.89919
 11
5.89409
 21
9.2876
  0
LINE
  8
0
 10
5.89409
 20
9.2876
 11
5.29929
 21
9.63936
  0
LINE
  8
0
 10
5.29929
 20
9.63936
 11
4.68356
 21
9.95309
  0
LINE
  8
0
 10
4.68356
 20
9.95309
 11
4.04936
 21
10.2275
  0
LINE
  8
0
 10
4.04936
 20
10.2275
 11
3.39919
 21
10.4616
  0
LINE
  8
0
 10
3.39919
 20
10.4616
 11
2.73558
 21
10.6544
  0
LINE
  8
0
 10
2.73558
 20
10.6544
 11
2.06119
 21
10.8051
  0
LINE
  8
0
 10
2.06119
 20
10.8051
 11
1.37866
 21
10.9133
  0
LINE
  8
0
 10
1.37866
 20
10.9133
 11
0.690689
 21
10.9783
  0
LINE
  8
0
 10
0.690689
 20
10.9783
 11
0
 21
11
  0
LINE
  8
0
 10
0
 20
11
 11
-0.690689
 21
10.9783
  0
LINE
  8
0
 10
-0.690689
 20
10.9783
 11
-1.37866
 21
10.9133
  0
LINE
  8
0
 10
-1.37866
 20
10.9133
 11
-2.06119
 21
10.8051
  0
LINE
  8
0
 10
-2.06119
 20
10.8051
 11
-2.73558
 21
10.6544
  0
LINE
  8
0
 10
-2.73558
 20
10.6544
 11
-3.39919
 21
10.4616
  0
LINE
  8
0
 10
-3.39919
 20
10.4616
 11
-4.04936
 21
10.2275
  0
LINE
  8
0
 10
-4.04936
 20
10.2275
 11
-4.68356
 21
9.95309
  0
LINE
  8
0
 10
-4.68356
 20
9.95309
 11
-5.29929
 21
9.63936
  0
LINE
  8
0
 10
-5.29929
 20
9.63936
 11
-5.89409
 21
9.2876
  0
LINE
  8
0
 10
-5.89409
 20
9.2876
 11
-6.46564
 21
8.89919
  0
LINE
  8
0
 10
-6.46564
 20
8.89919
 11
-7.01166
 21
8.47563
  0
LINE
  8
0
 10
-7.01166
 20
8.47563
 11
-7.5
 21
8.0451
  0
LINE
  8
0
 10
-7.5
 20
8.0451
 11
-7.5
 21
-8.0451
  0
LINE
  8
0
 10
-7.5
 20
-8.0451
 11
-7.01166
 21
-8.47563
  0
LINE
  8
0
 10
-7.01166
 20
-8.47563
 11
-6.46564
 21
-8.89919
  0
LINE
  8
0
 10
-6.46564
 20
-8.89919
 11
-5.89409
 21
-9.2876
  0
LINE
  8
0
 10
-5.89409
 20
-9.2876
 11
-5.29929
 21
-9.63936
  0
LINE
  8
0
 10
-5.29929
 20
-9.63936
 11
-4.68356
 21
-9.95309
  0
LINE
  8
0
 10
-4.68356
 20
-9.95309
 11
-4.04936
 21
-10.2275
  0
LINE
  8
0
 10
-4.04936
 20
-10.2275
 11
-3.39919
 21
-10.4616
  0
LINE
  8
0
 10
-3.39919
 20
-10.4616
 11
-2.73558
 21
-10.6544
  0
LINE
  8
0
 10
-2.73558
 20
-10.6544
 11
-2.06119
 21
-10.8051
  0
LINE
  8
0
 10
-2.06119
 20
-10.8051
 11
-1.37866
 21
-10.9133
  0
LINE
  8
0
 10
-1.37866
 20
-10.9133
 11
-0.690689
 21
-10.9783
  0
LINE
  8
0
 10
-0.690689
 20
-10.9783
 11
0
 21
-11
  0
LINE
  8
0
 10
0
 20
-11
 11
0.690689
 21
-10.9783
  0
ENDSEC
  0
SECTION
  2
OBJECTS
  0
DICTIONARY
  0
ENDSEC
  0
EOF
